======================================================================
MODEL COMPARISON REPORT
======================================================================

Dataset:
  Train samples: 1786
  Test samples: 766
  Features: 171
  Drivers: 11

Model Performance:
----------------------------------------------------------------------
Model                Train Acc    Test Acc     CV Mean     
----------------------------------------------------------------------
random_forest        0.9479       0.6175       0.6030      
svm                  0.5437       0.4217       0.3763      
xgboost              0.9815       0.7076       0.6658      
----------------------------------------------------------------------

Best Model: xgboost
Test Accuracy: 0.7076


RANDOM_FOREST - Confusion Matrix:
[[115   4  15   1   0   3   0   0   0   0   0]
 [ 14  86   3   0   0   6   0   0   0   0   0]
 [  7   2 153   0   0   2   0   0   0   0   0]
 [ 17  10   4   6   1   2   0   0   0   0   0]
 [  5   1  35   0  13   1   0   0   0   0   0]
 [ 11  12  17   0   0  72   0   0   0   0   0]
 [  0   0   0   0   0   0   8   4   4   8  11]
 [  0   0   0   0   0   0   5   2   3   7   8]
 [  0   0   0   0   0   1  11   2   4   5   4]
 [  0   0   0   0   0   0  14   0   5   3   6]
 [  0   0   0   0   0   0  12   2   4   4  11]]

SVM - Confusion Matrix:
[[103  10  20   0   0   5   0   0   0   0   0]
 [ 50  37  16   0   0   6   0   0   0   0   0]
 [ 14   3 145   0   0   2   0   0   0   0   0]
 [ 18  17   3   2   0   0   0   0   0   0   0]
 [ 12   7  36   0   0   0   0   0   0   0   0]
 [ 20  10  70   0   0  12   0   0   0   0   0]
 [  0   2   0   0   0   1   9   2   4   9   8]
 [  0   0   1   0   0   1   6   1   1   8   7]
 [  0   7   0   0   0   1   7   1   2   7   2]
 [  0   8   0   0   0   0   6   2   1   5   6]
 [  1   6   0   0   0   1   6   1   3   8   7]]

XGBOOST - Confusion Matrix:
[[121   2   7   4   2   2   0   0   0   0   0]
 [  8  93   1   4   0   3   0   0   0   0   0]
 [ 11   0 147   0   2   4   0   0   0   0   0]
 [  6   5   2  24   1   2   0   0   0   0   0]
 [  3   1  10   0  39   2   0   0   0   0   0]
 [  5  14   1   1   1  90   0   0   0   0   0]
 [  0   0   0   0   0   0   8   4  12   6   5]
 [  0   0   0   0   0   0   3   4   6   5   7]
 [  0   0   0   0   0   0   9   4   4   4   6]
 [  0   0   0   0   0   0  13   2   4   3   6]
 [  0   0   0   0   0   0  12   3   6   3   9]]
