======================================================================
MODEL COMPARISON REPORT
======================================================================

Dataset:
  Train samples: 1439
  Test samples: 617
  Features: 171
  Drivers: 6

Model Performance:
----------------------------------------------------------------------
Model                Train Acc    Test Acc     CV Mean     
----------------------------------------------------------------------
random_forest        0.9993       0.9611       0.9646      
svm                  0.9979       0.9676       0.9611      
xgboost              1.0000       0.9546       0.9701      
----------------------------------------------------------------------

Best Model: svm
Test Accuracy: 0.9676


RANDOM_FOREST - Confusion Matrix:
[[134   0   0   4   0   0]
 [  0 105   2   1   0   1]
 [  0   1 161   0   0   1]
 [  1   0   0  39   0   0]
 [  2   0   3   3  47   0]
 [  0   1   2   2   0 107]]

SVM - Confusion Matrix:
[[133   0   0   4   1   0]
 [  1 107   0   0   0   1]
 [  1   1 161   0   0   0]
 [  2   0   1  37   0   0]
 [  4   0   1   0  50   0]
 [  0   2   0   1   0 109]]

XGBOOST - Confusion Matrix:
[[136   0   0   2   0   0]
 [  0 107   2   0   0   0]
 [  2   1 153   0   4   3]
 [  2   0   0  38   0   0]
 [  3   0   1   2  49   0]
 [  0   4   2   0   0 106]]
